*******************************
Lan thu 63
best tour: [0, 18, 5, 3, 16, 7, 19, 25, 14, 1, 11, 9, 13, 23, 10, 17, 6, 22, 2, 20, 4, 21, 15, 12, 24, 8]
cost: 1199; so loi: 10
fitness: 10001199
Thoi gian chay: 8.856097300000101
*******************************
Lan thu 64
best tour: [0, 17, 12, 14, 10, 16, 19, 18, 8, 23, 13, 3, 21, 15, 1, 7, 11, 24, 6, 9, 2, 25, 22, 20, 4, 5]
cost: 1135; so loi: 11
fitness: 11001135
Thoi gian chay: 9.165589999999952
*******************************
Lan thu 65
best tour: [0, 9, 18, 4, 16, 6, 7, 13, 17, 19, 10, 12, 20, 21, 8, 23, 15, 11, 22, 25, 24, 5, 2, 14, 3, 1]
cost: 1081; so loi: 10
fitness: 10001081
Thoi gian chay: 9.211358899999937
*******************************
Lan thu 66
best tour: [0, 18, 20, 24, 1, 8, 4, 19, 12, 10, 15, 14, 7, 3, 25, 9, 17, 22, 13, 21, 23, 2, 6, 5, 11, 16]
cost: 1209; so loi: 9
fitness: 9001209
Thoi gian chay: 8.961532899999952
*******************************
Lan thu 67
best tour: [0, 24, 23, 2, 17, 25, 15, 11, 6, 5, 13, 16, 8, 9, 19, 1, 10, 18, 21, 20, 14, 3, 22, 4, 7, 12]
cost: 1026; so loi: 9
fitness: 9001026
Thoi gian chay: 9.065590399999905
*******************************
Lan thu 68
best tour: [0, 6, 20, 1, 22, 17, 16, 5, 15, 11, 25, 18, 14, 21, 19, 23, 12, 7, 24, 8, 9, 3, 13, 10, 2, 4]
cost: 1315; so loi: 10
fitness: 10001315
Thoi gian chay: 9.787223700000027
*******************************
Lan thu 69
best tour: [0, 7, 25, 18, 21, 22, 13, 1, 9, 6, 16, 15, 14, 23, 12, 5, 20, 11, 2, 24, 8, 4, 10, 3, 19, 17]
cost: 1066; so loi: 11
fitness: 11001066
Thoi gian chay: 9.196760799999993
*******************************
Lan thu 70
best tour: [0, 14, 6, 9, 17, 13, 7, 5, 20, 11, 22, 2, 12, 10, 4, 25, 18, 1, 16, 8, 19, 3, 23, 24, 21, 15]
cost: 1248; so loi: 10
fitness: 10001248
Thoi gian chay: 9.047993700000006
*******************************
Lan thu 71
best tour: [0, 11, 17, 13, 9, 16, 7, 15, 10, 24, 21, 5, 22, 25, 14, 23, 20, 4, 18, 8, 12, 2, 3, 6, 19, 1]
cost: 1173; so loi: 9
fitness: 9001173
Thoi gian chay: 9.309952100000032
*******************************
Lan thu 72
best tour: [0, 21, 19, 7, 24, 17, 18, 1, 11, 4, 22, 6, 5, 13, 16, 9, 8, 25, 15, 2, 14, 10, 20, 23, 12, 3]
cost: 1121; so loi: 11
fitness: 11001121
Thoi gian chay: 9.076515699999959
*******************************
Lan thu 73
best tour: [0, 2, 5, 13, 20, 18, 6, 25, 19, 12, 8, 17, 15, 23, 21, 7, 24, 22, 1, 16, 4, 11, 3, 14, 10, 9]
cost: 1197; so loi: 10
fitness: 10001197
Thoi gian chay: 8.985272800000075
*******************************
Lan thu 74
best tour: [0, 21, 2, 14, 9, 18, 1, 19, 22, 7, 8, 11, 4, 20, 10, 16, 17, 23, 24, 25, 6, 15, 5, 3, 13, 12]
cost: 1380; so loi: 10
fitness: 10001380
Thoi gian chay: 9.1094382
*******************************
Lan thu 75
best tour: [0, 5, 17, 4, 22, 10, 15, 21, 11, 6, 18, 9, 19, 24, 1, 23, 20, 16, 7, 14, 12, 25, 2, 13, 3, 8]
cost: 1158; so loi: 10
fitness: 10001158
Thoi gian chay: 9.066817900000046
*******************************
Lan thu 76
best tour: [0, 5, 21, 20, 18, 12, 19, 24, 3, 1, 11, 4, 25, 15, 23, 2, 8, 14, 22, 10, 17, 13, 9, 7, 16, 6]
cost: 1374; so loi: 0
fitness: 1374
Thoi gian chay: 9.1751888
*******************************
Lan thu 77
best tour: [0, 18, 1, 8, 17, 12, 20, 14, 7, 5, 25, 6, 2, 3, 21, 23, 4, 15, 16, 10, 13, 19, 24, 9, 11, 22]
cost: 1175; so loi: 11
fitness: 11001175
Thoi gian chay: 9.120833699999935
*******************************
Lan thu 78
best tour: [0, 11, 23, 3, 4, 7, 18, 13, 10, 22, 20, 16, 14, 1, 21, 8, 15, 19, 25, 24, 17, 12, 5, 6, 9, 2]
cost: 1076; so loi: 11
fitness: 11001076
Thoi gian chay: 9.765049299999987
*******************************
Lan thu 79
best tour: [0, 3, 4, 11, 25, 12, 21, 24, 5, 14, 7, 9, 1, 10, 8, 15, 17, 18, 16, 20, 23, 13, 2, 22, 19, 6]
cost: 1097; so loi: 10
fitness: 10001097
Thoi gian chay: 9.283101399999964
*******************************
Lan thu 80
best tour: [0, 14, 6, 1, 17, 12, 23, 25, 8, 9, 15, 11, 4, 21, 13, 16, 7, 24, 10, 2, 22, 3, 19, 5, 18, 20]
cost: 1120; so loi: 11
fitness: 11001120
Thoi gian chay: 9.286895699999945
*******************************
Lan thu 81
best tour: [0, 17, 18, 5, 12, 19, 21, 3, 20, 24, 23, 22, 1, 2, 4, 25, 8, 13, 14, 15, 16, 7, 10, 9, 6, 11]
cost: 1089; so loi: 0
fitness: 1089
Thoi gian chay: 9.359088600000064
*******************************
Lan thu 82
best tour: [0, 1, 3, 19, 7, 8, 20, 14, 9, 12, 15, 13, 4, 6, 23, 18, 24, 25, 21, 2, 11, 16, 22, 17, 5, 10]
cost: 1220; so loi: 10
fitness: 10001220
Thoi gian chay: 9.182311899999945
*******************************
Lan thu 83
best tour: [0, 7, 12, 15, 24, 9, 11, 4, 1, 10, 16, 19, 6, 21, 13, 18, 25, 20, 14, 22, 17, 5, 2, 3, 23, 8]
cost: 1270; so loi: 9
fitness: 9001270
Thoi gian chay: 9.220889499999998
*******************************
Lan thu 84
best tour: [0, 17, 14, 7, 9, 25, 5, 18, 2, 21, 12, 23, 16, 1, 11, 19, 13, 6, 22, 8, 24, 20, 3, 10, 15, 4]
cost: 1470; so loi: 10
fitness: 10001470
Thoi gian chay: 9.147409699999912
*******************************
Lan thu 85
best tour: [0, 20, 15, 13, 12, 17, 25, 11, 1, 14, 6, 7, 19, 21, 23, 4, 10, 9, 5, 22, 16, 18, 2, 3, 8, 24]
cost: 1022; so loi: 10
fitness: 10001022
Thoi gian chay: 9.122896400000059
*******************************
Lan thu 86
best tour: [0, 17, 19, 4, 20, 1, 13, 7, 11, 24, 16, 21, 9, 25, 5, 2, 6, 14, 8, 22, 12, 15, 3, 18, 23, 10]
cost: 1236; so loi: 9
fitness: 9001236
Thoi gian chay: 9.057105800000045
*******************************
Lan thu 87
best tour: [0, 18, 12, 10, 6, 13, 9, 5, 2, 15, 7, 11, 14, 21, 22, 20, 1, 3, 8, 16, 23, 25, 19, 4, 17, 24]
cost: 1217; so loi: 11
fitness: 11001217
Thoi gian chay: 9.396565099999975
*******************************
Lan thu 88
best tour: [0, 3, 11, 25, 13, 9, 6, 20, 18, 16, 14, 12, 15, 24, 23, 10, 4, 1, 7, 17, 2, 19, 21, 8, 5, 22]
cost: 1373; so loi: 11
fitness: 11001373
Thoi gian chay: 9.271746200000052
*******************************
Lan thu 89
best tour: [0, 11, 8, 17, 15, 25, 18, 23, 13, 20, 1, 6, 16, 5, 19, 12, 2, 14, 4, 24, 10, 22, 21, 7, 3, 9]
cost: 1025; so loi: 11
fitness: 11001025
Thoi gian chay: 9.24726970000006
*******************************
Lan thu 90
best tour: [0, 17, 19, 2, 6, 12, 18, 8, 16, 9, 15, 23, 20, 5, 25, 7, 13, 21, 24, 22, 1, 3, 4, 14, 10, 11]
cost: 1194; so loi: 11
fitness: 11001194
Thoi gian chay: 9.376247899999953
*******************************
Lan thu 91
best tour: [0, 13, 2, 9, 6, 12, 14, 7, 4, 1, 17, 22, 20, 16, 21, 8, 23, 25, 10, 3, 24, 5, 18, 15, 19, 11]
cost: 1198; so loi: 10
fitness: 10001198
Thoi gian chay: 9.262641299999927
*******************************
Lan thu 92
best tour: [0, 21, 13, 2, 23, 9, 10, 11, 22, 1, 20, 19, 6, 12, 24, 16, 17, 15, 25, 18, 8, 3, 4, 5, 7, 14]
cost: 1511; so loi: 10
fitness: 10001511
Thoi gian chay: 9.341142800000057
*******************************
Lan thu 93
best tour: [0, 20, 6, 22, 13, 15, 5, 7, 10, 9, 16, 23, 14, 25, 19, 24, 1, 18, 17, 11, 12, 3, 21, 8, 4, 2]
cost: 1224; so loi: 8
fitness: 8001224
Thoi gian chay: 9.38846819999992
*******************************
Lan thu 94
best tour: [0, 7, 2, 24, 22, 1, 13, 8, 23, 10, 11, 6, 12, 16, 3, 14, 4, 19, 17, 5, 9, 18, 21, 25, 20, 15]
cost: 1429; so loi: 9
fitness: 9001429
Thoi gian chay: 9.413077499999986
*******************************
Lan thu 95
best tour: [0, 17, 19, 15, 4, 23, 5, 14, 8, 24, 7, 12, 25, 1, 3, 6, 2, 18, 20, 13, 9, 21, 10, 11, 16, 22]
cost: 1113; so loi: 10
fitness: 10001113
Thoi gian chay: 9.131200000000035
*******************************
Lan thu 96
best tour: [0, 20, 11, 6, 14, 5, 16, 21, 3, 23, 2, 7, 9, 15, 17, 19, 12, 8, 18, 4, 24, 1, 25, 13, 22, 10]
cost: 1393; so loi: 10
fitness: 10001393
Thoi gian chay: 9.265655000000038
*******************************
Lan thu 97
best tour: [0, 8, 4, 2, 21, 18, 22, 13, 12, 11, 20, 25, 17, 10, 7, 1, 16, 19, 6, 5, 24, 15, 14, 23, 3, 9]
cost: 1223; so loi: 9
fitness: 9001223
Thoi gian chay: 9.328818999999953
*******************************
Lan thu 98
best tour: [0, 1, 14, 11, 20, 17, 13, 16, 15, 3, 9, 2, 23, 12, 24, 21, 19, 25, 22, 5, 7, 18, 4, 10, 6, 8]
cost: 1141; so loi: 9
fitness: 9001141
Thoi gian chay: 9.182198900000003
*******************************
Lan thu 99
best tour: [0, 2, 23, 8, 13, 25, 20, 16, 19, 5, 21, 1, 12, 6, 14, 18, 22, 9, 4, 15, 24, 10, 3, 11, 7, 17]
cost: 1344; so loi: 10
fitness: 10001344
Thoi gian chay: 9.312858500000061
