*******************************
Lan thu 63
best tour: [0, 4, 1, 14, 7, 24, 22, 9, 12, 23, 8, 15, 6, 19, 10, 18, 25, 11, 5, 13, 16, 21, 20, 2, 3, 17]
cost: 1069; so loi: 8
fitness: 8001069
Thoi gian chay: 9.542460500000004
*******************************
Lan thu 64
best tour: [0, 2, 22, 13, 6, 4, 14, 10, 3, 17, 24, 20, 9, 23, 25, 19, 1, 16, 12, 11, 18, 5, 21, 7, 15, 8]
cost: 1226; so loi: 8
fitness: 8001226
Thoi gian chay: 9.214488000000017
*******************************
Lan thu 65
best tour: [0, 6, 22, 2, 16, 24, 23, 14, 4, 25, 5, 20, 1, 10, 19, 3, 8, 17, 18, 21, 15, 12, 7, 13, 9, 11]
cost: 1302; so loi: 7
fitness: 7001302
Thoi gian chay: 9.400750399999993
*******************************
Lan thu 66
best tour: [0, 22, 18, 19, 25, 14, 24, 16, 21, 7, 15, 17, 11, 9, 2, 12, 6, 23, 13, 4, 8, 3, 1, 10, 5, 20]
cost: 1268; so loi: 7
fitness: 7001268
Thoi gian chay: 9.462563300000056
*******************************
Lan thu 67
best tour: [ 0 21 12 19 14  6 11 23 25 16 10 18  8  7 13  4 22 20  9 24  2 17  1  3
 15  5  0]
cost: 1198; so loi: 7
fitness: 7001198
Thoi gian chay: 9.256306499999937
*******************************
Lan thu 68
best tour: [0, 15, 24, 14, 22, 12, 25, 6, 2, 13, 1, 3, 18, 5, 9, 10, 16, 7, 4, 21, 8, 11, 19, 23, 17, 20]
cost: 1071; so loi: 8
fitness: 8001071
Thoi gian chay: 9.138226300000042
*******************************
Lan thu 69
best tour: [0, 25, 9, 6, 21, 14, 15, 12, 16, 17, 5, 4, 24, 18, 19, 1, 13, 2, 11, 10, 8, 22, 3, 20, 23, 7]
cost: 1325; so loi: 6
fitness: 6001325
Thoi gian chay: 9.139132300000028
*******************************
Lan thu 70
best tour: [0, 14, 9, 6, 4, 15, 11, 7, 23, 3, 2, 10, 19, 20, 21, 5, 1, 22, 25, 18, 17, 16, 24, 12, 8, 13]
cost: 1275; so loi: 7
fitness: 7001275
Thoi gian chay: 8.975676099999987
*******************************
Lan thu 71
best tour: [0, 4, 19, 9, 7, 1, 6, 20, 13, 12, 3, 2, 11, 18, 17, 5, 8, 16, 14, 22, 23, 10, 24, 21, 15, 25]
cost: 1292; so loi: 7
fitness: 7001292
Thoi gian chay: 9.012376399999994
*******************************
Lan thu 72
best tour: [0, 11, 21, 18, 15, 13, 23, 25, 7, 22, 16, 20, 10, 19, 2, 1, 8, 12, 4, 14, 3, 24, 6, 5, 17, 9]
cost: 1531; so loi: 8
fitness: 8001531
Thoi gian chay: 9.173209000000043
*******************************
Lan thu 73
best tour: [0, 18, 8, 22, 5, 24, 14, 12, 10, 2, 19, 7, 11, 6, 13, 21, 16, 4, 3, 17, 9, 1, 23, 15, 20, 25]
cost: 1286; so loi: 6
fitness: 6001286
Thoi gian chay: 9.440327899999943
*******************************
Lan thu 74
best tour: [0, 3, 4, 22, 11, 5, 9, 16, 13, 18, 1, 14, 7, 23, 20, 8, 6, 24, 19, 17, 10, 21, 12, 25, 15, 2]
cost: 1269; so loi: 7
fitness: 7001269
Thoi gian chay: 9.478400000000079
*******************************
Lan thu 75
best tour: [0, 22, 16, 2, 23, 12, 8, 14, 13, 6, 5, 20, 21, 24, 25, 17, 19, 9, 11, 15, 18, 10, 3, 1, 7, 4]
cost: 1176; so loi: 7
fitness: 7001176
Thoi gian chay: 9.417096700000002
*******************************
Lan thu 76
best tour: [0, 10, 2, 18, 12, 20, 3, 19, 11, 9, 1, 25, 4, 13, 22, 7, 6, 21, 24, 17, 14, 8, 5, 16, 23, 15]
cost: 1146; so loi: 6
fitness: 6001146
Thoi gian chay: 9.281372499999975
*******************************
Lan thu 77
best tour: [0, 25, 20, 21, 12, 9, 4, 1, 11, 19, 7, 23, 3, 16, 8, 10, 15, 6, 24, 13, 17, 5, 2, 22, 18, 14]
cost: 1255; so loi: 8
fitness: 8001255
Thoi gian chay: 9.417845499999999
*******************************
Lan thu 78
best tour: [0, 8, 13, 15, 3, 17, 20, 5, 7, 9, 21, 24, 14, 1, 12, 18, 23, 2, 16, 10, 19, 22, 11, 4, 25, 6]
cost: 1408; so loi: 7
fitness: 7001408
Thoi gian chay: 9.307425399999943
*******************************
Lan thu 79
best tour: [0, 22, 24, 10, 13, 9, 18, 25, 7, 6, 21, 17, 8, 16, 19, 4, 1, 5, 2, 23, 15, 12, 11, 14, 3, 20]
cost: 1374; so loi: 6
fitness: 6001374
Thoi gian chay: 9.171248600000013
*******************************
Lan thu 80
best tour: [0, 17, 6, 18, 24, 10, 15, 12, 23, 4, 1, 2, 11, 16, 5, 7, 22, 14, 21, 25, 19, 3, 20, 13, 8, 9]
cost: 1116; so loi: 8
fitness: 8001116
Thoi gian chay: 9.156439699999964
*******************************
Lan thu 81
best tour: [0, 18, 12, 20, 22, 24, 2, 8, 17, 16, 1, 4, 10, 25, 11, 19, 5, 7, 21, 9, 3, 6, 13, 14, 15, 23]
cost: 1002; so loi: 7
fitness: 7001002
Thoi gian chay: 9.192599100000052
*******************************
Lan thu 82
best tour: [0, 7, 16, 10, 21, 2, 15, 19, 8, 23, 3, 4, 18, 9, 6, 24, 20, 1, 17, 14, 11, 12, 13, 25, 22, 5]
cost: 1255; so loi: 7
fitness: 7001255
Thoi gian chay: 9.060818799999993
*******************************
Lan thu 83
best tour: [0, 13, 1, 17, 19, 4, 15, 20, 23, 12, 7, 22, 11, 14, 6, 25, 8, 24, 16, 3, 18, 5, 21, 2, 9, 10]
cost: 1244; so loi: 7
fitness: 7001244
Thoi gian chay: 9.239540199999965
*******************************
Lan thu 84
best tour: [0, 10, 22, 24, 7, 17, 14, 5, 21, 9, 15, 1, 11, 20, 13, 18, 25, 2, 19, 4, 6, 23, 3, 16, 8, 12]
cost: 1455; so loi: 6
fitness: 6001455
Thoi gian chay: 9.031593900000075
*******************************
Lan thu 85
best tour: [0, 15, 6, 5, 16, 13, 17, 4, 23, 12, 18, 11, 8, 21, 10, 14, 24, 19, 2, 1, 7, 22, 3, 9, 20, 25]
cost: 1287; so loi: 6
fitness: 6001287
Thoi gian chay: 9.160057000000052
*******************************
Lan thu 86
best tour: [0, 10, 2, 25, 13, 14, 12, 23, 11, 22, 18, 6, 24, 8, 20, 21, 19, 16, 9, 15, 4, 17, 7, 5, 3, 1]
cost: 1473; so loi: 7
fitness: 7001473
Thoi gian chay: 9.025609099999997
*******************************
Lan thu 87
best tour: [0, 5, 23, 10, 12, 2, 8, 25, 24, 20, 13, 21, 7, 3, 14, 16, 11, 18, 9, 22, 15, 6, 1, 4, 19, 17]
cost: 1344; so loi: 8
fitness: 8001344
Thoi gian chay: 9.061873200000036
*******************************
Lan thu 88
best tour: [0, 17, 5, 18, 23, 4, 11, 25, 8, 16, 2, 12, 9, 1, 6, 15, 3, 22, 20, 13, 21, 14, 7, 24, 19, 10]
cost: 1196; so loi: 7
fitness: 7001196
Thoi gian chay: 9.185454999999934
*******************************
Lan thu 89
best tour: [0, 9, 7, 18, 12, 21, 6, 11, 23, 19, 8, 5, 4, 17, 3, 14, 16, 24, 25, 15, 2, 1, 10, 20, 13, 22]
cost: 1094; so loi: 8
fitness: 8001094
Thoi gian chay: 9.177940600000056
*******************************
Lan thu 90
best tour: [0, 8, 17, 24, 21, 14, 6, 13, 22, 3, 16, 12, 19, 7, 11, 25, 18, 23, 1, 5, 2, 4, 10, 9, 15, 20]
cost: 1179; so loi: 7
fitness: 7001179
Thoi gian chay: 9.140122399999996
*******************************
Lan thu 91
best tour: [0, 16, 19, 23, 9, 25, 17, 6, 18, 11, 10, 5, 3, 14, 12, 7, 22, 4, 24, 1, 2, 20, 15, 13, 21, 8]
cost: 1086; so loi: 7
fitness: 7001086
Thoi gian chay: 9.15027710000004
*******************************
Lan thu 92
best tour: [ 0 14 21  7  5 19 11 24 17 22 25  3 23 13  2 20 18 16 15  9  1 12  4  8
 10  6  0]
cost: 986; so loi: 8
fitness: 8000986
Thoi gian chay: 9.175525300000004
*******************************
Lan thu 93
best tour: [0, 17, 6, 7, 11, 3, 2, 1, 10, 13, 16, 5, 24, 12, 21, 25, 4, 19, 23, 18, 20, 9, 14, 15, 8, 22]
cost: 1215; so loi: 7
fitness: 7001215
Thoi gian chay: 9.244336699999963
*******************************
Lan thu 94
best tour: [0, 24, 22, 7, 13, 6, 16, 20, 4, 17, 1, 12, 2, 21, 8, 11, 19, 10, 9, 25, 15, 3, 23, 18, 14, 5]
cost: 1209; so loi: 7
fitness: 7001209
Thoi gian chay: 9.182503800000063
*******************************
Lan thu 95
best tour: [0, 20, 2, 5, 7, 19, 3, 16, 9, 8, 4, 25, 10, 21, 17, 24, 1, 15, 6, 11, 23, 13, 14, 12, 22, 18]
cost: 1311; so loi: 6
fitness: 6001311
Thoi gian chay: 9.096416999999974
*******************************
Lan thu 96
best tour: [0, 7, 18, 12, 14, 9, 17, 2, 8, 16, 13, 3, 22, 19, 10, 25, 1, 6, 23, 4, 15, 21, 5, 11, 24, 20]
cost: 1478; so loi: 7
fitness: 7001478
Thoi gian chay: 9.128974900000003
*******************************
Lan thu 97
best tour: [0, 18, 7, 4, 1, 25, 5, 11, 12, 2, 23, 8, 19, 21, 13, 10, 15, 20, 3, 22, 6, 24, 17, 16, 9, 14]
cost: 1346; so loi: 6
fitness: 6001346
Thoi gian chay: 8.890168800000083
*******************************
Lan thu 98
best tour: [0, 6, 24, 25, 22, 7, 2, 12, 23, 17, 1, 16, 11, 18, 8, 15, 20, 13, 19, 14, 10, 5, 4, 21, 9, 3]
cost: 1197; so loi: 7
fitness: 7001197
Thoi gian chay: 9.211827999999969
*******************************
Lan thu 99
best tour: [0, 8, 21, 22, 10, 9, 7, 19, 2, 24, 3, 25, 6, 20, 18, 1, 5, 15, 11, 23, 14, 12, 17, 16, 13, 4]
cost: 1317; so loi: 6
fitness: 6001317
Thoi gian chay: 9.108226400000035
