*******************************
Lan thu 63
best tour: [0, 5, 2, 19, 30, 40, 27, 50, 7, 14, 49, 17, 18, 43, 48, 36, 37, 4, 16, 38, 9, 39, 42, 31, 15, 11, 13, 22, 6, 1, 29, 46, 25, 32, 20, 33, 21, 34, 8, 12, 45, 35, 41, 10, 44, 47, 26, 3, 24, 23, 28]
cost: 2800; so loi: 31
fitness: 31002800
Thoi gian chay: 13.83556729999998
*******************************
Lan thu 64
best tour: [0, 3, 30, 36, 9, 49, 7, 5, 10, 26, 11, 8, 41, 19, 17, 35, 45, 23, 27, 31, 48, 2, 16, 15, 18, 39, 4, 25, 40, 32, 37, 1, 6, 24, 43, 29, 21, 12, 34, 38, 22, 20, 33, 47, 28, 50, 44, 13, 46, 14, 42]
cost: 2375; so loi: 34
fitness: 34002375
Thoi gian chay: 13.588191700000039
*******************************
Lan thu 65
best tour: [0, 19, 2, 4, 39, 20, 31, 46, 8, 29, 38, 47, 14, 33, 28, 17, 23, 40, 43, 12, 18, 44, 7, 3, 10, 37, 49, 13, 6, 41, 35, 25, 1, 16, 26, 48, 5, 27, 22, 11, 30, 50, 34, 15, 42, 45, 9, 24, 36, 21, 32]
cost: 2440; so loi: 35
fitness: 35002440
Thoi gian chay: 13.780302799999959
*******************************
Lan thu 66
best tour: [0, 22, 25, 41, 42, 5, 28, 35, 4, 12, 21, 27, 2, 50, 20, 19, 38, 15, 1, 3, 36, 46, 48, 45, 26, 29, 9, 11, 47, 43, 13, 24, 40, 18, 17, 32, 33, 10, 16, 8, 6, 23, 39, 37, 14, 31, 34, 44, 49, 7, 30]
cost: 2931; so loi: 33
fitness: 33002931
Thoi gian chay: 13.747853200000009
*******************************
Lan thu 67
best tour: [0, 17, 1, 5, 20, 23, 15, 4, 42, 34, 3, 13, 22, 32, 44, 45, 50, 28, 18, 38, 29, 24, 36, 48, 35, 43, 26, 16, 40, 49, 21, 46, 41, 11, 14, 27, 9, 12, 31, 7, 47, 19, 33, 37, 30, 6, 8, 10, 25, 2, 39]
cost: 2530; so loi: 16
fitness: 16002530
Thoi gian chay: 13.960810300000048
*******************************
Lan thu 68
best tour: [0, 42, 47, 7, 44, 29, 18, 32, 13, 11, 4, 37, 14, 50, 30, 33, 23, 22, 9, 6, 43, 8, 26, 21, 10, 3, 1, 15, 48, 38, 20, 17, 40, 2, 5, 49, 46, 36, 28, 35, 31, 25, 27, 45, 12, 24, 16, 34, 19, 41, 39]
cost: 2579; so loi: 34
fitness: 34002579
Thoi gian chay: 13.763196900000025
*******************************
Lan thu 69
best tour: [0, 18, 21, 31, 41, 43, 37, 38, 48, 13, 35, 22, 39, 46, 45, 15, 1, 10, 12, 40, 50, 36, 28, 42, 17, 49, 4, 9, 25, 14, 6, 32, 8, 2, 11, 26, 47, 20, 44, 3, 27, 29, 24, 19, 5, 7, 34, 16, 30, 23, 33]
cost: 2402; so loi: 33
fitness: 33002402
Thoi gian chay: 13.938478199999963
*******************************
Lan thu 70
best tour: [0, 34, 40, 38, 33, 16, 3, 50, 25, 7, 45, 41, 44, 18, 12, 9, 22, 11, 29, 21, 43, 46, 2, 35, 5, 20, 27, 24, 36, 19, 10, 13, 6, 26, 39, 30, 28, 31, 48, 37, 1, 49, 23, 15, 32, 47, 17, 8, 4, 42, 14]
cost: 2243; so loi: 34
fitness: 34002243
Thoi gian chay: 13.483294600000022
*******************************
Lan thu 71
best tour: [0, 39, 17, 30, 22, 31, 26, 15, 2, 46, 42, 21, 1, 19, 29, 45, 10, 4, 48, 16, 8, 20, 43, 38, 24, 36, 12, 27, 28, 47, 6, 44, 23, 49, 35, 41, 14, 32, 9, 50, 7, 40, 11, 33, 34, 25, 13, 18, 5, 3, 37]
cost: 2799; so loi: 34
fitness: 34002799
Thoi gian chay: 13.140923199999975
*******************************
Lan thu 72
best tour: [0, 19, 22, 5, 15, 3, 20, 39, 44, 13, 47, 32, 45, 10, 18, 2, 50, 25, 33, 37, 30, 48, 35, 26, 16, 40, 9, 41, 46, 49, 36, 43, 8, 14, 4, 23, 12, 27, 21, 42, 29, 24, 17, 38, 11, 6, 31, 7, 1, 34, 28]
cost: 2664; so loi: 18
fitness: 18002664
Thoi gian chay: 13.83913849999999
*******************************
Lan thu 73
best tour: [0, 45, 37, 27, 8, 39, 31, 6, 18, 49, 2, 50, 38, 24, 28, 44, 25, 21, 43, 10, 13, 26, 7, 9, 14, 40, 41, 30, 32, 35, 42, 19, 36, 5, 1, 11, 20, 46, 3, 34, 4, 22, 33, 16, 15, 12, 29, 47, 48, 23, 17]
cost: 2075; so loi: 35
fitness: 35002075
Thoi gian chay: 13.78383309999981
*******************************
Lan thu 74
best tour: [0, 32, 23, 31, 24, 50, 9, 16, 43, 15, 48, 13, 47, 40, 44, 49, 25, 11, 35, 4, 33, 21, 28, 29, 26, 37, 45, 42, 12, 3, 1, 10, 46, 7, 38, 36, 18, 30, 22, 27, 8, 5, 14, 20, 19, 17, 2, 6, 39, 41, 34]
cost: 2654; so loi: 34
fitness: 34002654
Thoi gian chay: 13.873303299999861
*******************************
Lan thu 75
best tour: [0, 38, 50, 13, 43, 17, 27, 30, 31, 22, 36, 20, 21, 49, 29, 1, 11, 12, 48, 42, 14, 24, 39, 45, 47, 16, 25, 41, 4, 33, 23, 32, 2, 46, 3, 28, 19, 40, 6, 34, 18, 8, 5, 44, 26, 10, 37, 9, 15, 7, 35]
cost: 2427; so loi: 33
fitness: 33002427
Thoi gian chay: 13.852192699999932
*******************************
Lan thu 76
best tour: [0, 23, 1, 19, 39, 15, 42, 3, 34, 44, 13, 32, 50, 31, 45, 2, 18, 29, 25, 33, 30, 38, 16, 48, 9, 41, 36, 21, 43, 46, 40, 11, 27, 22, 28, 35, 14, 5, 37, 12, 49, 20, 10, 26, 17, 47, 7, 24, 4, 6, 8]
cost: 2370; so loi: 20
fitness: 20002370
Thoi gian chay: 13.883591300000035
*******************************
Lan thu 77
best tour: [0, 49, 27, 43, 31, 46, 48, 8, 23, 30, 14, 18, 10, 38, 21, 29, 13, 40, 39, 6, 26, 16, 50, 35, 12, 45, 5, 37, 24, 1, 47, 15, 9, 19, 4, 25, 7, 17, 11, 44, 42, 2, 3, 33, 20, 32, 36, 41, 28, 22, 34]
cost: 2489; so loi: 34
fitness: 34002489
Thoi gian chay: 13.436186200000066
*******************************
Lan thu 78
best tour: [0, 19, 12, 42, 24, 30, 48, 44, 50, 5, 45, 49, 41, 40, 31, 21, 13, 9, 27, 23, 25, 39, 43, 10, 34, 32, 36, 11, 22, 17, 46, 15, 4, 28, 38, 3, 7, 20, 26, 33, 29, 1, 8, 16, 2, 18, 6, 47, 35, 37, 14]
cost: 2684; so loi: 33
fitness: 33002684
Thoi gian chay: 13.50824939999984
*******************************
Lan thu 79
best tour: [0, 34, 50, 46, 25, 27, 11, 45, 23, 26, 3, 39, 6, 12, 35, 30, 7, 17, 4, 29, 44, 5, 22, 21, 8, 41, 10, 18, 20, 43, 47, 24, 9, 1, 31, 49, 36, 32, 38, 13, 15, 42, 16, 37, 40, 33, 2, 48, 19, 28, 14]
cost: 2399; so loi: 35
fitness: 35002399
Thoi gian chay: 12.59370029999991
*******************************
Lan thu 80
best tour: [0, 15, 19, 23, 6, 42, 13, 22, 47, 39, 32, 45, 44, 30, 48, 10, 38, 18, 37, 35, 24, 33, 49, 9, 40, 7, 16, 41, 46, 43, 11, 14, 8, 21, 2, 5, 29, 4, 31, 34, 28, 27, 1, 25, 36, 20, 17, 3, 50, 26, 12]
cost: 2238; so loi: 19
fitness: 19002238
Thoi gian chay: 13.391521799999964
*******************************
Lan thu 81
best tour: [0, 1, 5, 17, 19, 4, 23, 12, 15, 6, 47, 34, 44, 42, 22, 32, 31, 45, 2, 28, 10, 25, 29, 21, 24, 33, 46, 38, 41, 49, 7, 36, 43, 27, 14, 8, 26, 18, 13, 50, 30, 16, 37, 35, 9, 40, 20, 39, 11, 3, 48]
cost: 2730; so loi: 16
fitness: 16002730
Thoi gian chay: 13.133852299999944
*******************************
Lan thu 82
best tour: [0, 12, 45, 40, 50, 17, 8, 32, 18, 10, 19, 29, 21, 20, 35, 5, 23, 14, 28, 15, 11, 27, 26, 43, 36, 30, 24, 3, 47, 41, 37, 33, 1, 13, 6, 46, 31, 16, 22, 39, 34, 9, 48, 42, 49, 4, 2, 44, 7, 25, 38]
cost: 2274; so loi: 35
fitness: 35002274
Thoi gian chay: 13.031606700000111
*******************************
Lan thu 83
best tour: [0, 10, 30, 7, 28, 46, 1, 13, 26, 49, 18, 19, 31, 5, 35, 32, 40, 24, 12, 27, 2, 43, 4, 14, 11, 34, 41, 15, 20, 38, 3, 16, 22, 9, 6, 33, 23, 37, 21, 45, 48, 39, 42, 8, 25, 17, 36, 44, 47, 50, 29]
cost: 2735; so loi: 33
fitness: 33002735
Thoi gian chay: 12.831332599999996
*******************************
Lan thu 84
best tour: [0, 2, 37, 16, 44, 32, 12, 23, 42, 3, 24, 10, 1, 30, 7, 15, 46, 6, 14, 43, 39, 50, 45, 35, 33, 34, 5, 40, 29, 38, 36, 8, 17, 11, 28, 26, 4, 27, 49, 48, 20, 25, 31, 47, 21, 41, 9, 22, 19, 13, 18]
cost: 2902; so loi: 34
fitness: 34002902
Thoi gian chay: 12.643295200000011
*******************************
Lan thu 85
best tour: [0, 4, 3, 43, 42, 35, 49, 38, 44, 27, 31, 6, 7, 12, 30, 40, 21, 9, 22, 32, 36, 33, 16, 25, 37, 39, 2, 24, 17, 1, 13, 48, 10, 14, 8, 23, 41, 18, 46, 19, 26, 20, 45, 34, 15, 50, 28, 29, 5, 11, 47]
cost: 2407; so loi: 34
fitness: 34002407
Thoi gian chay: 13.224570800000038
*******************************
Lan thu 86
best tour: [0, 48, 14, 2, 43, 40, 30, 5, 36, 47, 27, 39, 23, 17, 22, 10, 46, 20, 44, 1, 15, 11, 7, 45, 25, 19, 32, 18, 35, 34, 4, 38, 21, 13, 37, 28, 29, 50, 33, 16, 26, 31, 24, 49, 42, 6, 3, 41, 9, 12, 8]
cost: 2740; so loi: 33
fitness: 33002740
Thoi gian chay: 12.452933199999961
*******************************
Lan thu 87
best tour: [0, 3, 22, 50, 14, 48, 7, 43, 31, 6, 16, 5, 40, 33, 30, 19, 1, 2, 12, 9, 47, 41, 42, 11, 39, 46, 45, 18, 21, 24, 23, 49, 32, 35, 20, 13, 38, 10, 29, 26, 8, 25, 28, 4, 34, 36, 27, 37, 44, 17, 15]
cost: 2557; so loi: 35
fitness: 35002557
Thoi gian chay: 12.113025200000038
*******************************
Lan thu 88
best tour: [0, 23, 1, 5, 15, 42, 6, 3, 20, 34, 22, 32, 13, 45, 18, 31, 10, 28, 50, 30, 29, 48, 24, 49, 38, 16, 21, 35, 46, 41, 43, 36, 8, 14, 27, 7, 33, 26, 17, 25, 19, 39, 47, 9, 40, 4, 44, 11, 2, 37, 12]
cost: 2179; so loi: 17
fitness: 17002179
Thoi gian chay: 12.406322199999977
*******************************
Lan thu 89
best tour: [0, 1, 19, 4, 49, 45, 21, 25, 42, 2, 15, 46, 23, 13, 38, 7, 32, 35, 40, 6, 3, 18, 22, 8, 37, 36, 26, 27, 20, 41, 11, 31, 47, 10, 14, 12, 33, 5, 50, 39, 9, 30, 24, 17, 16, 44, 34, 29, 28, 43, 48]
cost: 2415; so loi: 34
fitness: 34002415
Thoi gian chay: 12.108801300000096
*******************************
Lan thu 90
best tour: [0, 24, 5, 6, 14, 27, 8, 9, 37, 7, 21, 35, 42, 25, 38, 23, 16, 3, 31, 18, 48, 29, 33, 11, 36, 26, 44, 4, 34, 41, 13, 10, 40, 49, 47, 17, 15, 43, 22, 50, 39, 12, 28, 19, 20, 45, 32, 1, 2, 46, 30]
cost: 2605; so loi: 33
fitness: 33002605
Thoi gian chay: 12.969486599999982
*******************************
Lan thu 91
best tour: [0, 9, 18, 43, 45, 41, 11, 46, 30, 44, 35, 10, 40, 14, 20, 32, 12, 7, 36, 29, 37, 25, 5, 17, 50, 16, 33, 22, 19, 24, 34, 39, 42, 23, 8, 4, 31, 47, 49, 3, 28, 13, 2, 38, 1, 15, 6, 26, 21, 27, 48]
cost: 2446; so loi: 35
fitness: 35002446
Thoi gian chay: 12.7290923999999
*******************************
Lan thu 92
best tour: [0, 15, 8, 4, 32, 10, 13, 47, 11, 25, 26, 30, 5, 45, 34, 22, 44, 48, 46, 2, 35, 49, 3, 24, 1, 42, 18, 20, 17, 9, 50, 40, 27, 14, 37, 43, 16, 31, 28, 39, 7, 23, 33, 29, 38, 19, 21, 6, 12, 41, 36]
cost: 2655; so loi: 35
fitness: 35002655
Thoi gian chay: 12.140594800000144
*******************************
Lan thu 93
best tour: [0, 12, 16, 43, 21, 22, 4, 27, 23, 28, 39, 50, 37, 29, 9, 8, 1, 3, 36, 20, 35, 30, 31, 48, 47, 32, 45, 13, 15, 18, 49, 19, 42, 26, 6, 17, 38, 33, 46, 2, 40, 25, 34, 24, 14, 10, 5, 44, 11, 41, 7]
cost: 2706; so loi: 34
fitness: 34002706
Thoi gian chay: 12.4960994999999
*******************************
Lan thu 94
best tour: [0, 26, 16, 33, 14, 41, 45, 46, 19, 23, 24, 1, 39, 15, 22, 20, 5, 25, 30, 42, 50, 27, 17, 21, 47, 40, 35, 48, 36, 12, 38, 3, 29, 34, 9, 28, 31, 49, 11, 32, 37, 7, 43, 10, 6, 13, 44, 2, 4, 8, 18]
cost: 2287; so loi: 35
fitness: 35002287
Thoi gian chay: 13.230374100000063
*******************************
Lan thu 95
best tour: [ 0  5  9 40 29  3 13 27 37  6 32 11 34 12 25 44 49 43  2 14 22 31  1 19
 24 26 42 10 50 41 15  8 18  7 48 38 16 17 21 23 35 28 30  4 46 20 36 33
 39 47 45  0]
cost: 2114; so loi: 35
fitness: 35002114
Thoi gian chay: 13.520366500000137
*******************************
Lan thu 96
best tour: [0, 15, 3, 17, 23, 25, 39, 8, 27, 24, 45, 5, 32, 31, 50, 38, 42, 47, 28, 7, 48, 34, 22, 12, 11, 21, 18, 20, 37, 19, 13, 14, 44, 2, 6, 41, 10, 49, 26, 43, 29, 9, 1, 35, 40, 36, 46, 33, 30, 4, 16]
cost: 2484; so loi: 35
fitness: 35002484
Thoi gian chay: 13.504768300000023
*******************************
Lan thu 97
best tour: [0, 19, 1, 5, 23, 15, 3, 12, 4, 42, 34, 47, 39, 44, 32, 45, 31, 29, 30, 49, 26, 7, 41, 46, 14, 36, 11, 27, 43, 18, 13, 28, 6, 20, 38, 17, 50, 16, 35, 22, 10, 21, 9, 8, 25, 48, 24, 40, 2, 37, 33]
cost: 2306; so loi: 23
fitness: 23002306
Thoi gian chay: 13.668263500000194
*******************************
Lan thu 98
best tour: [0, 17, 34, 50, 45, 37, 30, 38, 8, 18, 33, 4, 2, 6, 49, 24, 39, 28, 48, 23, 40, 47, 10, 43, 44, 15, 35, 5, 36, 14, 46, 22, 12, 32, 11, 7, 29, 42, 20, 9, 27, 16, 1, 3, 19, 21, 31, 13, 41, 25, 26]
cost: 2271; so loi: 35
fitness: 35002271
Thoi gian chay: 13.53172429999995
*******************************
Lan thu 99
best tour: [0, 39, 31, 47, 2, 10, 13, 4, 28, 9, 45, 26, 23, 14, 18, 49, 7, 48, 27, 43, 8, 15, 3, 1, 16, 12, 19, 42, 35, 34, 24, 17, 40, 32, 11, 36, 44, 46, 25, 6, 41, 33, 38, 21, 5, 50, 37, 22, 29, 20, 30]
cost: 2343; so loi: 34
fitness: 34002343
Thoi gian chay: 13.36854910000011
