*******************************
Lan thu 63
best tour: [ 0 36 25 37 38  7 24 34 23 41 26 46  1 11 33  8 13 44 20 49  9 10 18 16
  2  6  4 29 12 17 50 40 42 31 15 48 19 28 35  3 27 22 45 43 14 30 32 47
 39  5 21  0]
cost: 2675; so loi: 19
fitness: 19002675
Thoi gian chay: 14.398290599999996
*******************************
Lan thu 64
best tour: [ 0 35  6 36 37 44 24 23 48 10 20 50 34 19  4  3  7 12 49 42 21 15 17  5
 41 30 25 16 45 31 27 29  8 38 32  9 11  1 22 28 43 26 47 14  2 18 13 33
 39 40 46  0]
cost: 2540; so loi: 19
fitness: 19002540
Thoi gian chay: 14.482530300000008
*******************************
Lan thu 65
best tour: [0, 17, 7, 4, 25, 26, 23, 36, 15, 38, 19, 46, 49, 37, 12, 30, 31, 32, 40, 39, 29, 35, 2, 42, 16, 20, 5, 47, 33, 44, 1, 21, 3, 8, 13, 6, 43, 27, 28, 14, 45, 34, 24, 18, 48, 10, 22, 9, 41, 11, 50]
cost: 2244; so loi: 19
fitness: 19002244
Thoi gian chay: 14.401801599999999
*******************************
Lan thu 66
best tour: [0, 12, 46, 4, 33, 2, 20, 50, 39, 31, 16, 24, 45, 15, 21, 19, 37, 41, 11, 13, 7, 9, 14, 32, 22, 36, 28, 49, 23, 44, 25, 17, 3, 8, 26, 34, 40, 10, 38, 1, 30, 27, 5, 35, 47, 29, 48, 42, 6, 18, 43]
cost: 2469; so loi: 18
fitness: 18002469
Thoi gian chay: 14.90753129999996
*******************************
Lan thu 67
best tour: [0, 17, 14, 27, 40, 11, 34, 38, 6, 19, 28, 10, 45, 23, 48, 21, 15, 41, 18, 13, 4, 46, 36, 12, 8, 5, 33, 37, 7, 25, 30, 31, 16, 26, 39, 32, 44, 49, 2, 1, 29, 24, 50, 9, 20, 35, 22, 42, 47, 43, 3]
cost: 2567; so loi: 20
fitness: 20002567
Thoi gian chay: 14.241376700000046
*******************************
Lan thu 68
best tour: [0, 20, 18, 31, 23, 39, 2, 14, 5, 35, 4, 50, 40, 32, 29, 15, 28, 25, 37, 49, 36, 9, 16, 19, 8, 43, 7, 12, 48, 27, 26, 1, 6, 41, 22, 10, 11, 47, 44, 3, 13, 17, 24, 45, 33, 46, 30, 38, 21, 42, 34]
cost: 2615; so loi: 19
fitness: 19002615
Thoi gian chay: 14.660907500000008
*******************************
Lan thu 69
best tour: [0, 1, 3, 46, 12, 19, 8, 6, 31, 16, 25, 17, 49, 35, 34, 39, 43, 27, 42, 47, 44, 45, 48, 11, 26, 41, 29, 7, 33, 21, 23, 24, 50, 15, 18, 22, 38, 30, 20, 5, 4, 9, 28, 14, 36, 32, 40, 2, 37, 10, 13]
cost: 2332; so loi: 19
fitness: 19002332
Thoi gian chay: 14.062308900000062
*******************************
Lan thu 70
best tour: [0, 26, 25, 40, 10, 29, 44, 7, 32, 21, 8, 43, 39, 41, 31, 48, 33, 28, 1, 12, 35, 6, 38, 5, 22, 14, 3, 9, 47, 20, 49, 34, 19, 4, 42, 37, 24, 50, 15, 45, 16, 13, 30, 46, 2, 27, 36, 18, 17, 11, 23]
cost: 2782; so loi: 19
fitness: 19002782
Thoi gian chay: 14.555613900000026
*******************************
Lan thu 71
best tour: [0, 5, 32, 19, 21, 23, 16, 30, 20, 38, 25, 37, 47, 8, 11, 40, 43, 9, 12, 4, 31, 1, 34, 2, 14, 33, 36, 7, 41, 35, 44, 24, 29, 45, 26, 13, 27, 42, 28, 6, 10, 17, 18, 39, 50, 49, 46, 48, 3, 22, 15]
cost: 2479; so loi: 17
fitness: 17002479
Thoi gian chay: 14.54806080000003
*******************************
Lan thu 72
best tour: [ 0 22 17  5 10 25 39 49  4  9 36 42 28  6 21  1 24 37 19 12 13  7 16 38
 20 15 23 50 11 47 14 18 46 48 29 34  3 26 45 35 40  8 30 27 43 44  2 32
 31 33 41  0]
cost: 2510; so loi: 17
fitness: 17002510
Thoi gian chay: 14.43497530000002
*******************************
Lan thu 73
best tour: [0, 9, 49, 37, 43, 35, 29, 1, 6, 2, 38, 5, 10, 20, 44, 8, 25, 50, 46, 34, 31, 17, 24, 22, 39, 11, 41, 40, 32, 23, 15, 33, 48, 7, 45, 47, 42, 4, 21, 18, 13, 36, 12, 3, 28, 14, 19, 26, 27, 16, 30]
cost: 2267; so loi: 21
fitness: 21002267
Thoi gian chay: 14.521218399999952
*******************************
Lan thu 74
best tour: [0, 22, 19, 31, 32, 17, 3, 43, 25, 33, 28, 14, 1, 15, 50, 21, 9, 5, 38, 42, 30, 7, 18, 49, 12, 6, 2, 39, 24, 41, 27, 4, 23, 46, 47, 48, 11, 36, 29, 37, 10, 26, 8, 44, 20, 13, 34, 35, 16, 45, 40]
cost: 2483; so loi: 20
fitness: 20002483
Thoi gian chay: 14.198873699999922
*******************************
Lan thu 75
best tour: [0, 28, 2, 8, 43, 3, 10, 21, 41, 11, 16, 35, 42, 24, 46, 18, 26, 49, 7, 9, 32, 15, 40, 44, 38, 4, 30, 33, 5, 25, 6, 29, 39, 1, 36, 45, 23, 19, 34, 13, 27, 22, 20, 50, 48, 47, 37, 12, 31, 14, 17]
cost: 2892; so loi: 18
fitness: 18002892
Thoi gian chay: 14.169768299999987
*******************************
Lan thu 76
best tour: [0, 39, 43, 15, 44, 42, 35, 13, 8, 32, 3, 49, 4, 10, 17, 34, 6, 46, 12, 18, 30, 11, 24, 47, 37, 7, 16, 19, 27, 48, 9, 33, 38, 25, 50, 40, 14, 36, 31, 2, 45, 22, 21, 23, 29, 5, 28, 20, 41, 26, 1]
cost: 2835; so loi: 18
fitness: 18002835
Thoi gian chay: 14.370933900000068
*******************************
Lan thu 77
best tour: [0, 50, 48, 29, 17, 8, 21, 40, 43, 42, 49, 23, 3, 38, 41, 25, 14, 15, 7, 35, 27, 39, 6, 10, 46, 12, 32, 36, 18, 9, 16, 22, 33, 44, 30, 4, 34, 31, 47, 19, 11, 28, 5, 20, 24, 2, 45, 1, 37, 26, 13]
cost: 2470; so loi: 14
fitness: 14002470
Thoi gian chay: 14.505880700000034
*******************************
Lan thu 78
best tour: [0, 5, 25, 40, 29, 44, 13, 26, 50, 28, 15, 42, 12, 24, 1, 31, 17, 39, 20, 38, 8, 37, 32, 11, 6, 2, 45, 22, 47, 10, 23, 36, 21, 27, 3, 46, 7, 19, 14, 34, 41, 4, 16, 33, 35, 43, 30, 18, 9, 49, 48]
cost: 2626; so loi: 15
fitness: 15002626
Thoi gian chay: 14.377351500000032
*******************************
Lan thu 79
best tour: [0, 28, 10, 31, 33, 27, 13, 47, 41, 6, 34, 1, 24, 46, 42, 37, 45, 23, 17, 3, 40, 21, 35, 32, 11, 15, 18, 44, 29, 2, 36, 26, 12, 4, 43, 38, 25, 9, 49, 8, 14, 19, 30, 16, 22, 39, 48, 50, 7, 20, 5]
cost: 2624; so loi: 19
fitness: 19002624
Thoi gian chay: 14.295967400000109
*******************************
Lan thu 80
best tour: [ 0 11 10 29 38  9 32 22 21  6 34  4 47 33 40 19 17 16 36 13 46  3 31  7
 28 37 44 26 50 14 45 25 30 18 27  2 39  5 41 35 43 20 42 15 24  1 23  8
 49 48 12  0]
cost: 2983; so loi: 19
fitness: 19002983
Thoi gian chay: 14.643932799999902
*******************************
Lan thu 81
best tour: [0, 40, 27, 49, 35, 14, 18, 2, 37, 11, 1, 38, 22, 43, 36, 32, 26, 31, 39, 13, 5, 23, 29, 34, 20, 48, 47, 25, 33, 16, 10, 44, 46, 6, 24, 21, 12, 19, 7, 8, 45, 28, 17, 41, 9, 42, 3, 15, 4, 50, 30]
cost: 2567; so loi: 19
fitness: 19002567
Thoi gian chay: 14.439728800000012
*******************************
Lan thu 82
best tour: [0, 6, 20, 40, 35, 26, 30, 39, 13, 50, 23, 32, 29, 9, 45, 3, 19, 46, 12, 28, 25, 43, 11, 41, 15, 31, 8, 22, 17, 38, 10, 42, 44, 4, 1, 36, 2, 21, 7, 34, 14, 27, 48, 49, 24, 33, 37, 16, 5, 47, 18]
cost: 2353; so loi: 21
fitness: 21002353
Thoi gian chay: 14.90443449999998
*******************************
Lan thu 83
best tour: [0, 28, 37, 13, 49, 17, 12, 20, 48, 9, 3, 36, 19, 25, 29, 45, 27, 30, 23, 4, 44, 6, 15, 41, 43, 33, 22, 11, 47, 38, 46, 1, 34, 7, 10, 26, 35, 32, 39, 5, 16, 50, 40, 31, 18, 2, 8, 24, 21, 14, 42]
cost: 2795; so loi: 18
fitness: 18002795
Thoi gian chay: 14.72019760000012
*******************************
Lan thu 84
best tour: [ 0 27 20 21 46  2 30 11  3 43 47 12 23 31 16 40  9 34 42 41 49 36 10 19
 45 35 15 28 22 38  6 24  8  1  7  4 29 13 44 25 26 37 14  5 33 18 17 39
 48 32 50  0]
cost: 2305; so loi: 20
fitness: 20002305
Thoi gian chay: 14.235251800000015
*******************************
Lan thu 85
best tour: [ 0  1 34 41 43 31 46 30 33 49 20 50  8 24 44 19 35 42 17 48 39 29  6 28
  9 47  5 13 18 26 15  3 22  4 11 32 37  7 23  2 45 12 10 38 14 36 25 16
 21 40 27  0]
cost: 2673; so loi: 18
fitness: 18002673
Thoi gian chay: 14.23147240000003
*******************************
Lan thu 86
best tour: [ 0  1 45 18 48  6 35  9 12 27 28 21 25 33 37 32 16  8 44 31 26 43  2 17
 39 41 23 36 40 50 19 46 10 49 38 29 24  3 15 13  7 14 22  5  4 42 47 20
 34 30 11  0]
cost: 2398; so loi: 18
fitness: 18002398
Thoi gian chay: 14.282492199999979
*******************************
Lan thu 87
best tour: [0, 12, 50, 40, 42, 31, 3, 43, 32, 2, 26, 36, 20, 15, 25, 38, 35, 33, 29, 47, 10, 16, 37, 46, 30, 28, 24, 34, 27, 4, 6, 17, 8, 49, 18, 19, 11, 39, 45, 48, 5, 23, 9, 13, 21, 44, 1, 22, 7, 41, 14]
cost: 2411; so loi: 21
fitness: 21002411
Thoi gian chay: 14.601782599999979
*******************************
Lan thu 88
best tour: [0, 32, 36, 50, 8, 43, 9, 4, 44, 41, 23, 30, 38, 33, 21, 20, 40, 25, 49, 19, 17, 42, 39, 18, 27, 14, 47, 5, 31, 22, 10, 45, 48, 15, 1, 28, 29, 13, 2, 16, 6, 46, 26, 12, 11, 37, 35, 24, 34, 3, 7]
cost: 2561; so loi: 20
fitness: 20002561
Thoi gian chay: 14.36671639999986
*******************************
Lan thu 89
best tour: [0, 19, 5, 4, 6, 47, 24, 23, 11, 10, 42, 18, 49, 44, 20, 16, 17, 40, 36, 8, 29, 38, 48, 3, 21, 15, 13, 33, 45, 26, 32, 25, 31, 28, 43, 2, 12, 37, 9, 50, 1, 27, 7, 39, 41, 34, 46, 35, 30, 14, 22]
cost: 2675; so loi: 18
fitness: 18002675
Thoi gian chay: 14.444751900000028
*******************************
Lan thu 90
best tour: [0, 28, 3, 9, 34, 15, 1, 4, 14, 29, 42, 17, 46, 33, 39, 38, 7, 24, 20, 26, 48, 43, 11, 25, 45, 5, 50, 21, 18, 10, 2, 13, 6, 35, 16, 31, 32, 8, 30, 23, 12, 22, 19, 36, 44, 47, 37, 40, 41, 49, 27]
cost: 2509; so loi: 18
fitness: 18002509
Thoi gian chay: 14.85354929999994
*******************************
Lan thu 91
best tour: [0, 40, 44, 26, 15, 30, 34, 10, 41, 38, 48, 13, 45, 5, 39, 18, 17, 50, 22, 20, 8, 2, 33, 19, 21, 36, 24, 16, 3, 46, 12, 42, 47, 31, 23, 28, 25, 6, 14, 43, 49, 7, 29, 11, 37, 32, 4, 9, 1, 35, 27]
cost: 2540; so loi: 19
fitness: 19002540
Thoi gian chay: 14.397505200000069
*******************************
Lan thu 92
best tour: [0, 9, 32, 21, 45, 17, 30, 4, 48, 33, 34, 7, 24, 13, 20, 10, 39, 47, 42, 8, 11, 23, 3, 6, 26, 31, 35, 50, 43, 44, 5, 40, 37, 49, 15, 22, 14, 18, 1, 38, 16, 12, 29, 46, 36, 27, 25, 41, 2, 28, 19]
cost: 2542; so loi: 19
fitness: 19002542
Thoi gian chay: 14.008863999999903
*******************************
Lan thu 93
best tour: [0, 27, 17, 14, 1, 49, 40, 38, 44, 32, 3, 48, 22, 12, 19, 9, 46, 33, 15, 39, 43, 23, 37, 47, 11, 50, 18, 8, 25, 2, 36, 42, 28, 24, 26, 13, 7, 41, 4, 30, 29, 34, 21, 16, 5, 45, 35, 10, 6, 20, 31]
cost: 2728; so loi: 19
fitness: 19002728
Thoi gian chay: 14.365622199999962
*******************************
Lan thu 94
best tour: [0, 40, 1, 41, 42, 21, 29, 18, 50, 24, 14, 49, 4, 7, 48, 32, 2, 39, 15, 22, 3, 11, 10, 30, 37, 5, 13, 36, 8, 25, 47, 33, 43, 35, 27, 19, 12, 23, 34, 45, 9, 16, 20, 44, 6, 38, 46, 17, 28, 26, 31]
cost: 2263; so loi: 19
fitness: 19002263
Thoi gian chay: 14.207270100000187
*******************************
Lan thu 95
best tour: [0, 1, 32, 27, 42, 37, 25, 21, 46, 28, 39, 41, 10, 2, 20, 17, 38, 22, 3, 33, 19, 12, 50, 24, 9, 36, 7, 26, 11, 13, 16, 4, 48, 23, 49, 43, 15, 6, 8, 31, 30, 14, 47, 40, 34, 44, 29, 5, 35, 45, 18]
cost: 2586; so loi: 18
fitness: 18002586
Thoi gian chay: 14.438783100000137
*******************************
Lan thu 96
best tour: [ 0 19 29  2  1 14 28 32 11 17  9 10 31 12 15  7 47 35 30  3 34 24 38  4
 33 43 49 41 44  8 50  5 46 36 21 20 45 42 39 48 27 25 18 26 40 22 16 37
 23  6 13  0]
cost: 2968; so loi: 19
fitness: 19002968
Thoi gian chay: 14.41104519999999
*******************************
Lan thu 97
best tour: [0, 40, 5, 23, 3, 8, 10, 11, 35, 45, 30, 9, 16, 33, 27, 37, 2, 25, 17, 26, 24, 46, 48, 13, 7, 50, 38, 34, 12, 15, 29, 4, 43, 32, 47, 6, 20, 39, 1, 31, 41, 14, 19, 49, 22, 36, 18, 42, 28, 21, 44]
cost: 2685; so loi: 20
fitness: 20002685
Thoi gian chay: 14.182635399999981
*******************************
Lan thu 98
best tour: [0, 1, 11, 42, 21, 34, 6, 31, 37, 19, 23, 10, 49, 17, 40, 8, 27, 41, 26, 33, 22, 28, 7, 4, 16, 18, 25, 36, 45, 9, 5, 46, 50, 12, 2, 35, 47, 39, 38, 14, 43, 13, 15, 30, 44, 48, 29, 20, 32, 24, 3]
cost: 2586; so loi: 19
fitness: 19002586
Thoi gian chay: 14.036830399999872
*******************************
Lan thu 99
best tour: [0, 44, 5, 40, 3, 15, 29, 34, 45, 14, 43, 42, 31, 26, 36, 20, 18, 27, 23, 10, 50, 38, 21, 32, 6, 47, 12, 16, 46, 49, 35, 1, 7, 2, 22, 8, 28, 9, 48, 33, 37, 30, 39, 24, 4, 11, 17, 25, 19, 41, 13]
cost: 2491; so loi: 21
fitness: 21002491
Thoi gian chay: 14.184276799999907
