15
0 0 0
265 360 6
280 302 5
55 155 6
71 149 2
131 196 6
37 88 5
113 186 8
6 35 4
171 216 5
239 338 7
21 32 8
185 227 2
143 214 7
241 309 6
115 132 1
0 40 83 9 66 49 90 36 60 24 6 56 45 31 48 62
81 0 37 38 92 31 58 14 62 92 45 79 24 51 95 89
20 93 0 72 88 32 65 70 88 79 100 48 83 97 25 19
82 63 80 0 39 100 44 54 29 65 96 95 55 93 98 62
83 38 23 25 0 68 56 19 1 99 40 35 36 83 9 14
45 3 26 87 30 0 97 52 81 5 91 68 84 32 88 40
52 28 97 38 68 56 0 71 71 88 50 91 11 18 86 55
53 29 98 34 75 32 4 0 99 87 84 86 4 59 53 100
73 29 3 27 28 76 73 82 0 45 48 78 60 35 36 53
97 84 78 74 37 50 10 21 19 0 14 74 23 67 91 9
2 93 53 11 95 50 65 88 66 57 0 33 67 63 8 18
95 63 97 80 75 79 51 95 97 85 7 0 61 99 80 15
92 18 61 40 83 85 49 61 47 20 72 94 0 36 40 100
19 54 27 77 82 62 73 51 31 93 58 10 37 0 81 81
53 89 99 45 42 50 89 17 45 45 53 86 30 75 0 67
4 86 82 84 88 77 56 36 97 24 42 55 19 24 16 0
0 6 3 5 4 3 6 4 1 12 5 6 12 9 10 9
8 0 10 3 9 3 4 1 6 8 10 4 10 4 5 6
9 11 0 1 1 12 12 8 12 7 9 2 7 10 10 3
11 6 12 0 2 9 8 5 7 6 1 5 3 5 2 5
2 3 2 2 0 5 12 6 11 11 9 3 11 7 9 12
3 5 11 8 1 0 1 2 1 12 4 12 8 6 9 10
10 3 5 7 8 1 0 8 10 5 11 3 8 2 10 7
2 11 12 4 9 12 7 0 5 9 12 11 9 2 6 4
11 7 3 1 4 12 11 11 0 5 10 11 9 2 5 2
10 12 2 1 8 5 12 10 9 0 2 5 11 9 1 2
5 10 10 2 3 2 8 8 11 5 0 12 5 11 12 10
1 9 11 2 6 7 12 9 10 1 3 0 11 4 7 5
2 9 1 1 7 1 5 1 2 12 6 10 0 9 7 5
6 11 5 7 10 11 6 4 6 2 3 8 8 0 2 2
7 6 11 3 8 8 9 5 1 2 4 10 10 9 0 2
12 1 6 8 8 5 6 4 8 8 3 4 10 6 10 0


early[i] thuoc [1, 288]
Do chenh giua early[i] va late[i] thuoc [8, 100]
delay[i] thuoc [1, 8]
cost[i][j] thuoc [1, 100]
time[i][j] thuoc [1, 12]
