15
0 0 0
444 498 2
355 418 3
198 263 3
461 485 1
425 518 6
36 57 2
400 412 6
437 489 3
220 247 3
430 525 7
55 102 4
61 135 5
334 362 8
206 233 7
75 126 8
0 3 1 1 4 2 1 1 3 5 1 2 4 2 2 5
2 0 1 2 5 2 5 5 4 1 4 4 3 2 5 1
5 5 0 2 4 1 2 1 1 4 2 4 5 5 2 4
5 1 5 0 5 4 5 5 4 2 5 2 4 1 3 4
3 4 3 1 0 2 5 4 3 3 3 3 2 1 5 2
4 4 4 2 3 0 1 4 1 4 5 5 3 5 3 4
3 2 3 1 3 5 0 2 4 4 4 5 1 3 4 1
2 4 3 1 1 1 3 0 5 4 1 4 1 3 4 5
3 2 1 4 3 1 5 5 0 2 3 2 4 5 3 2
1 4 3 3 4 2 2 4 4 0 2 2 3 3 4 4
5 1 2 4 3 1 2 3 2 2 0 2 5 5 2 1
4 5 5 2 1 5 3 5 2 5 4 0 5 1 1 5
4 4 4 4 3 1 4 4 4 5 1 5 0 5 5 2
1 1 4 4 3 1 5 4 1 1 2 5 4 0 3 2
2 4 2 1 4 2 3 4 2 4 3 5 3 2 0 3
5 3 2 4 1 3 3 5 2 4 5 4 4 4 1 0
0 3 1 9 2 8 8 11 5 6 11 9 5 2 10 12
10 0 1 9 10 10 6 3 5 3 2 4 12 1 11 8
3 1 0 4 9 3 10 4 3 1 6 10 2 12 2 5
12 10 7 0 1 6 12 4 6 3 9 1 11 5 2 8
3 5 12 8 0 2 2 5 1 9 9 4 10 11 2 3
11 8 10 4 4 0 12 7 4 6 11 9 10 11 4 5
11 4 2 3 6 1 0 4 12 7 7 9 5 11 12 12
2 10 3 4 3 1 2 0 9 2 5 9 6 4 8 12
8 2 4 5 6 2 7 5 0 3 11 4 4 1 5 8
5 9 10 12 10 1 6 4 5 0 11 8 2 6 7 1
1 6 5 1 12 4 5 5 2 1 0 8 6 9 7 6
6 10 4 11 9 9 6 10 4 11 10 0 7 8 3 11
4 8 8 3 11 6 1 9 7 9 8 1 0 4 1 3
2 5 7 5 2 8 12 1 10 11 11 10 11 0 8 6
3 1 3 3 4 10 10 5 12 3 4 4 8 7 0 6
2 6 1 11 10 7 2 7 7 10 12 7 12 4 8 0
