25
0 0 0
145 201 3
191 241 6
111 139 7
160 238 6
11 52 6
256 308 7
234 299 1
216 242 7
231 314 2
205 288 1
166 178 5
48 60 1
255 287 6
184 275 7
246 276 6
276 355 5
33 95 3
33 115 4
91 157 4
125 134 5
13 91 3
254 269 6
172 233 7
117 140 3
187 229 3
0 47 17 28 44 66 16 16 58 29 96 76 54 93 24 96 98 51 47 82 65 9 74 64 100 12
18 0 41 41 76 87 14 43 83 90 4 64 63 82 18 45 77 10 58 4 47 51 74 54 32 53
89 92 0 81 31 91 56 5 54 98 77 71 95 59 100 51 55 26 47 32 18 32 16 27 8 19
96 44 21 0 33 10 69 65 77 31 49 51 63 62 50 55 13 64 55 100 77 82 39 52 17 26
75 78 88 3 0 24 80 53 28 27 48 97 60 42 97 16 73 40 27 60 93 48 29 72 98 45
65 23 66 71 81 0 31 41 65 3 20 1 12 62 34 60 81 45 34 34 75 23 84 11 6 72
18 25 46 80 8 56 0 72 66 26 39 56 34 24 93 15 15 97 51 95 44 57 31 35 1 16
80 81 72 8 70 96 8 0 30 43 98 63 46 75 15 34 11 95 59 81 38 68 40 99 6 33
85 74 18 29 94 52 32 95 0 77 92 70 53 81 22 98 2 84 38 37 75 86 48 3 10 31
70 55 2 40 90 84 71 52 21 0 37 98 97 32 75 44 7 73 76 18 11 2 40 82 51 92
85 92 66 3 10 69 30 69 85 59 0 54 72 44 92 4 20 29 85 99 49 61 25 23 36 29
53 83 16 57 46 70 49 71 63 69 27 0 11 93 62 39 55 41 74 74 33 9 99 94 69 7
67 57 22 24 62 10 42 20 65 67 83 4 0 39 41 85 9 52 11 3 58 66 8 55 29 21
81 56 50 42 71 77 41 74 60 95 58 47 67 0 72 76 36 46 63 25 34 42 87 40 6 83
83 46 82 42 40 2 52 85 18 42 11 70 2 84 0 18 65 30 70 16 30 36 46 81 63 34
58 16 77 5 73 43 54 28 14 51 11 99 38 91 78 0 16 36 75 44 15 70 96 57 94 78
85 43 69 65 74 61 68 34 11 56 53 25 10 63 81 69 0 81 53 27 12 49 59 49 44 32
7 96 47 51 72 1 75 87 27 43 56 82 79 15 89 83 19 0 12 44 29 38 36 91 10 60
38 51 71 27 91 17 92 34 18 22 25 66 2 57 31 57 62 95 0 41 63 50 94 71 29 98
69 27 37 3 8 1 53 35 15 57 76 81 83 65 17 75 66 69 52 0 57 42 79 57 4 85
15 95 37 70 65 31 93 20 93 93 81 7 10 10 91 15 60 51 81 3 0 81 68 18 79 76
14 71 21 75 81 48 83 32 71 24 71 90 45 35 20 7 40 52 75 50 42 0 42 17 98 27
38 23 76 15 33 12 94 60 36 48 52 48 47 58 23 86 50 66 52 12 99 81 0 12 82 87
67 19 36 5 63 97 100 69 62 41 64 77 39 34 25 62 99 88 76 60 32 34 48 0 43 19
78 85 21 2 22 86 48 31 40 54 36 52 81 40 99 28 77 57 17 21 33 21 89 57 0 2
28 35 66 72 32 95 37 75 19 22 18 25 72 14 56 62 54 92 19 63 45 99 51 15 100 0
0 8 1 4 4 11 12 3 10 8 5 9 7 10 4 2 2 3 12 8 2 2 5 8 11 2
9 0 6 3 9 4 1 2 1 6 1 9 10 7 12 1 1 3 10 6 3 7 8 7 6 7
11 1 0 10 2 9 10 6 5 9 4 10 4 4 2 11 1 4 4 12 11 11 2 1 1 9
5 7 1 0 12 5 1 9 1 10 12 7 4 12 6 6 6 10 11 3 11 8 6 5 10 7
6 7 5 7 0 7 10 2 1 1 2 12 8 12 10 6 10 12 4 10 3 5 7 7 9 7
2 6 1 2 12 0 6 5 8 11 5 5 4 7 9 2 10 8 5 3 11 11 4 2 9 3
6 1 6 9 6 3 0 2 6 3 9 3 4 3 12 6 2 10 6 4 4 3 10 10 3 9
10 4 2 5 11 11 4 0 7 12 4 7 8 10 7 6 8 12 6 4 5 5 6 3 8 2
7 8 9 5 8 2 5 7 0 1 6 6 1 11 11 7 5 5 7 1 4 8 12 5 11 1
7 10 8 8 5 10 8 5 9 0 3 10 10 2 1 1 1 5 6 11 10 4 6 2 9 11
6 5 11 6 6 7 2 7 6 2 0 8 6 11 2 2 11 8 10 8 2 6 1 11 10 10
3 10 9 3 12 10 11 1 6 2 6 0 5 9 2 3 1 12 5 10 11 11 1 11 10 11
4 10 9 6 12 10 5 7 2 12 7 9 0 9 2 6 3 3 4 3 3 1 7 12 3 1
5 10 7 2 2 12 9 9 10 2 5 6 7 0 6 5 4 5 8 12 6 2 3 11 6 8
3 12 6 5 5 5 10 4 1 12 5 4 4 7 0 12 9 10 6 6 10 9 7 11 3 1
8 7 3 12 9 4 11 5 8 1 12 5 10 1 2 0 5 11 11 9 10 1 4 9 12 6
5 9 3 5 3 5 2 3 7 2 4 5 8 6 2 2 0 12 7 2 11 5 10 4 9 9
6 8 4 3 5 6 7 2 10 12 10 3 4 10 6 6 4 0 5 11 4 1 11 3 1 9
8 10 8 3 7 1 10 8 1 11 3 9 12 12 10 3 3 8 0 7 5 11 12 2 3 11
9 6 2 4 4 4 5 8 3 12 12 4 10 4 4 4 1 12 12 0 7 4 11 6 7 2
9 9 7 7 5 8 9 9 11 7 1 7 5 11 3 4 3 1 3 2 0 9 7 5 4 9
12 1 11 6 6 9 8 3 9 5 8 4 9 4 12 1 5 7 5 12 11 0 7 8 4 12
1 7 3 3 5 1 1 7 7 11 6 1 10 1 4 12 5 10 1 2 1 10 0 5 5 7
9 7 3 10 5 7 12 4 10 6 3 7 5 2 10 2 9 10 4 11 9 6 11 0 1 5
4 10 7 10 4 4 1 1 12 10 6 6 11 4 10 6 12 7 4 8 10 11 8 7 0 9
1 10 10 3 7 8 10 1 7 2 3 1 7 11 12 1 9 8 9 3 8 9 12 1 5 0


early[i] thuoc [1, 288]
Do chenh giua early[i] va late[i] thuoc [8, 96]
delay[i] thuoc [1, 8]
cost[i][j] thuoc [1, 100]
time[i][j] thuoc [1, 12]
