50
0 0 0
7 26 7
115 176 7
93 115 8
62 86 2
25 40 7
36 96 3
260 300 5
273 369 3
256 286 2
164 208 6
236 336 1
58 87 7
92 130 4
278 349 1
49 78 7
237 295 1
15 46 2
150 212 5
13 65 5
47 116 7
208 305 4
45 127 5
12 71 3
176 241 4
180 209 4
215 286 8
278 344 1
131 191 4
141 214 3
176 232 6
88 174 7
55 147 3
231 255 6
51 120 6
205 273 2
228 308 8
181 228 1
176 267 8
50 128 7
235 311 5
268 316 6
23 119 6
261 319 5
140 155 3
141 165 8
251 312 1
93 125 3
189 263 7
222 308 2
178 200 5
0 80 78 29 28 51 4 24 81 12 77 75 46 23 72 90 16 98 13 69 67 56 60 52 23 42 63 67 36 88 68 45 84 67 49 98 85 63 12 81 29 32 45 3 14 4 39 59 41 82 28
23 0 26 71 49 5 21 69 33 25 94 21 29 56 54 46 73 37 27 62 91 66 79 91 61 1 76 31 38 74 3 94 84 43 13 6 94 49 78 29 47 94 90 37 71 41 5 16 91 47 32
33 20 0 69 74 9 11 55 5 69 77 5 56 87 96 79 57 31 76 45 100 60 47 42 33 52 39 97 28 9 66 95 18 59 48 26 95 15 100 10 57 53 92 76 55 28 17 32 80 94 85
93 21 81 0 66 9 42 43 99 91 82 72 81 12 4 52 64 33 92 56 16 68 66 6 47 74 61 10 64 96 46 10 53 15 6 32 72 44 52 69 44 20 24 75 28 39 50 28 55 18 76
84 27 70 1 0 99 42 6 5 25 11 49 66 15 38 26 46 56 59 89 39 58 45 77 64 89 46 89 94 54 24 17 47 66 37 30 96 53 24 29 99 19 58 58 95 39 87 86 33 37 20
39 56 70 15 91 0 37 72 18 75 45 100 57 62 27 78 64 69 77 61 62 93 39 45 98 38 21 68 57 83 9 81 34 93 43 46 12 9 43 33 5 90 76 84 44 60 78 3 50 82 7
74 46 10 83 50 27 0 44 20 44 1 43 65 78 45 86 27 38 47 84 30 2 15 39 83 96 18 58 69 67 74 77 93 24 49 78 81 12 46 98 53 10 52 68 2 15 91 59 44 20 99
55 3 88 7 1 45 40 0 10 15 51 75 79 60 93 26 46 88 8 97 77 68 100 74 58 34 90 45 17 16 53 42 37 49 39 22 42 88 13 85 16 57 36 91 41 45 73 51 55 86 37
78 6 43 9 26 49 85 24 0 98 13 99 39 39 7 72 68 29 9 6 91 81 61 82 90 69 39 56 36 25 3 62 22 30 65 89 80 27 70 97 78 39 80 22 5 46 54 44 59 96 26
66 37 63 81 17 27 98 94 66 0 4 86 21 21 86 51 9 74 17 48 3 99 57 25 34 87 22 15 76 45 19 93 39 47 18 70 78 72 26 20 71 37 29 5 47 96 45 30 66 33 9
39 34 88 71 68 57 85 26 85 22 0 54 90 22 88 33 33 89 29 58 45 52 89 2 76 31 32 1 59 4 47 20 78 34 39 1 84 84 51 86 79 93 19 48 82 91 61 35 30 96 81
54 92 20 50 26 97 44 1 67 87 48 0 94 58 72 39 82 50 50 17 40 40 92 17 38 81 9 98 73 45 54 74 53 69 9 10 26 32 95 12 32 62 87 30 54 71 1 65 66 19 95
2 92 48 73 29 77 35 31 64 8 53 66 0 73 10 74 94 71 96 51 14 43 47 79 47 91 71 84 78 17 11 76 85 29 9 94 13 35 15 90 46 28 51 61 36 32 19 25 49 6 43
92 3 91 85 65 32 9 75 4 76 34 70 89 0 43 2 71 1 25 73 40 100 47 29 40 90 94 59 85 93 20 53 20 79 41 31 92 65 34 83 93 72 78 3 64 26 98 99 22 53 5
3 38 58 5 3 77 59 86 33 84 28 18 84 22 0 16 59 21 35 25 57 61 25 34 34 54 26 68 31 73 67 48 40 25 4 82 7 71 84 82 73 17 32 57 71 3 11 59 3 1 80
8 94 68 47 72 92 90 38 93 1 90 10 86 59 5 0 25 40 16 55 16 51 15 28 40 62 10 59 13 48 92 88 35 69 49 29 86 8 36 69 1 3 55 77 76 50 86 85 93 13 49
21 100 48 18 8 17 99 32 55 8 38 39 88 89 26 71 0 52 39 79 58 74 77 28 4 9 99 66 60 72 45 15 58 86 85 73 52 24 48 90 15 11 25 27 28 6 36 35 57 71 93
93 80 25 99 4 17 19 37 98 47 6 69 73 10 80 79 35 0 38 6 89 27 51 22 18 3 51 24 62 99 10 32 62 4 79 76 61 56 41 97 63 63 2 88 74 21 47 22 29 98 24
3 50 73 91 34 54 57 40 70 41 69 34 66 92 60 64 99 70 0 23 83 90 37 64 81 70 52 44 42 11 79 74 98 69 66 57 17 84 15 98 47 19 42 10 13 49 99 68 29 29 7
61 46 1 44 99 97 92 39 72 38 60 14 56 28 17 29 16 90 50 0 76 81 11 17 30 24 78 27 94 66 57 44 17 58 85 82 66 51 45 56 46 61 41 81 92 26 34 52 17 64 73
82 93 18 16 74 95 45 77 1 38 94 51 23 55 87 66 23 71 74 63 0 90 58 14 90 13 100 68 34 22 36 4 65 14 6 55 49 63 31 62 19 13 9 65 81 67 9 99 23 49 44
69 24 6 55 73 56 11 26 42 59 57 71 48 90 60 44 65 10 62 20 95 0 3 76 79 12 12 19 61 74 73 48 98 41 61 33 7 35 39 52 87 48 94 80 2 43 17 60 50 53 21
94 44 43 15 96 47 53 42 91 34 87 80 46 70 44 98 22 9 13 23 55 92 0 26 54 9 91 95 61 83 50 88 96 12 84 17 35 39 99 61 52 7 6 55 48 30 29 77 63 57 6
6 16 25 88 18 89 74 13 68 79 7 16 53 28 65 43 39 70 46 1 79 42 27 0 51 2 81 39 26 97 37 29 100 45 15 35 14 57 84 100 51 71 53 18 16 47 57 72 13 61 1
15 80 70 13 87 100 31 96 67 62 84 67 10 60 20 81 20 83 97 25 33 86 54 29 0 69 88 22 82 27 90 63 82 56 99 29 71 71 98 45 36 50 61 21 8 30 85 4 93 11 37
2 58 82 72 21 68 66 80 41 45 26 9 91 71 25 43 55 24 13 79 86 82 98 77 77 0 88 78 43 99 12 87 84 24 87 85 25 20 42 2 44 36 63 59 70 1 69 4 18 62 97
30 9 48 97 99 53 17 44 2 92 82 10 7 30 82 91 84 16 81 25 20 3 50 72 35 83 0 5 12 79 5 36 23 41 9 73 28 49 95 94 46 45 61 35 36 74 52 38 93 81 33
91 59 16 83 42 82 50 35 98 49 45 82 17 90 6 26 72 52 80 45 36 30 22 100 94 17 42 0 99 93 42 91 100 37 34 7 18 38 87 43 53 58 16 57 48 79 69 32 90 84 27
12 36 50 55 32 59 71 20 42 69 65 66 63 18 28 38 55 36 100 86 95 1 33 61 69 66 13 80 0 44 74 67 35 42 68 29 36 69 48 92 42 25 86 33 42 13 68 63 12 5 94
48 82 36 68 84 40 82 56 96 60 69 74 34 48 85 8 93 56 38 18 94 41 38 12 39 66 63 17 52 0 30 32 25 17 47 21 65 15 86 53 72 100 5 60 69 9 63 21 84 72 54
41 79 69 77 19 27 91 99 20 25 49 92 85 95 32 17 68 35 70 65 20 50 53 70 64 4 6 90 80 76 0 20 23 63 59 59 73 85 23 61 100 100 1 60 49 48 23 44 93 45 38
65 82 55 58 4 47 39 28 68 6 15 58 68 76 100 6 24 8 70 70 53 43 67 85 4 17 84 17 38 36 3 0 55 16 10 3 9 87 71 82 32 96 52 37 67 90 67 12 28 44 13
76 12 82 64 70 56 50 70 61 77 17 52 92 63 57 85 3 64 4 70 87 99 16 73 59 6 98 90 25 78 73 88 0 34 3 56 51 94 67 77 51 34 8 89 10 7 39 31 9 7 34
12 1 57 72 75 35 98 45 42 38 92 72 33 55 71 24 13 71 71 66 68 67 11 99 21 59 25 17 51 4 37 33 62 0 10 21 13 23 65 8 96 67 79 37 66 98 64 22 30 18 44
24 47 87 17 13 57 42 87 98 62 48 25 47 95 56 93 12 7 89 25 78 77 75 56 20 22 39 21 23 72 77 34 51 45 0 81 94 64 73 52 25 76 38 23 49 49 95 61 31 70 34
55 82 43 32 11 69 16 95 39 65 38 56 62 61 40 31 71 68 41 98 66 79 32 9 97 1 68 9 86 2 89 98 1 91 75 0 43 41 32 15 78 16 24 92 83 22 36 74 81 38 92
89 96 20 84 88 44 52 43 73 40 6 35 73 59 58 9 80 44 96 19 96 18 45 65 65 4 2 1 56 58 38 74 66 77 28 95 0 47 72 17 19 96 26 73 46 65 87 97 70 82 43
24 91 62 63 100 21 51 46 23 76 91 38 33 54 62 16 33 98 19 22 32 63 24 95 11 64 65 89 26 70 67 72 30 22 37 7 1 0 10 30 58 46 54 70 84 24 44 100 25 63 7
20 33 79 77 2 97 68 50 94 41 69 37 13 70 6 67 91 43 32 34 84 23 46 37 66 92 29 83 52 57 64 7 41 71 43 70 24 71 0 27 34 77 77 83 86 25 87 51 3 44 85
77 56 88 25 5 74 39 40 72 52 95 84 80 19 52 7 11 50 84 43 28 30 56 95 27 22 7 51 75 29 24 96 54 100 59 3 94 90 47 0 95 9 86 9 27 45 38 95 72 69 2
32 39 17 12 37 97 23 82 86 69 20 3 19 73 6 44 96 5 12 40 22 38 92 97 66 11 75 73 67 35 60 22 48 86 66 89 3 68 79 90 0 84 59 16 45 98 95 2 62 36 90
48 97 12 1 18 37 77 54 21 15 32 57 23 47 85 26 59 48 21 41 24 79 68 73 62 28 39 44 15 51 30 84 25 20 76 3 41 42 21 13 27 0 98 68 52 84 41 31 58 31 13
6 61 51 29 2 77 46 2 50 67 42 84 2 14 53 76 28 45 30 98 88 100 70 94 84 25 73 35 22 60 13 71 83 65 23 77 62 67 19 25 5 23 0 57 50 69 21 97 99 69 81
59 22 15 70 8 56 47 24 97 48 91 49 6 74 80 55 5 34 75 74 44 5 52 58 79 15 15 25 100 67 5 88 40 57 96 87 92 18 62 90 74 80 45 0 78 39 31 79 13 96 44
40 62 50 67 77 27 83 22 84 99 79 22 24 68 35 92 70 24 52 75 17 54 40 34 23 85 6 87 94 72 70 92 32 75 27 19 56 23 97 22 54 95 1 23 0 22 24 79 57 42 73
55 29 2 65 32 98 26 2 11 12 5 15 16 49 22 97 22 44 95 75 100 98 6 91 93 37 90 56 26 87 20 10 48 69 50 28 39 39 92 2 72 15 39 60 30 0 45 71 65 3 30
29 76 96 70 97 16 39 95 71 62 66 9 80 49 21 7 37 36 53 2 47 61 24 48 4 98 24 36 85 80 52 90 86 49 84 28 74 54 54 15 57 52 56 27 2 64 0 10 82 83 79
69 45 21 51 5 49 98 74 78 1 18 92 43 40 52 66 83 36 53 30 12 34 95 12 82 19 99 62 62 97 45 30 82 10 64 44 14 6 16 78 47 70 90 12 97 11 54 0 14 47 99
69 78 72 98 13 91 71 71 8 8 85 92 3 72 69 23 42 77 26 96 6 39 65 36 36 23 47 72 89 64 57 88 68 97 81 64 78 98 58 28 52 83 13 30 2 6 65 85 0 5 43
12 7 71 68 25 69 12 89 50 29 84 17 30 57 44 98 88 74 89 48 18 64 35 95 9 49 87 93 9 4 69 83 18 18 20 54 76 95 67 6 18 5 40 66 8 39 35 24 23 0 35
15 81 1 13 85 35 23 90 14 55 3 40 40 66 72 75 17 77 5 4 48 73 13 48 39 73 3 11 89 82 85 61 79 84 43 44 16 98 57 54 20 73 54 10 26 76 83 22 67 93 0
0 2 10 8 3 10 4 4 3 10 5 8 4 3 12 2 10 8 2 8 11 8 4 2 8 9 5 12 10 6 3 6 5 4 10 7 1 12 10 7 5 10 9 2 4 8 5 7 10 5 8
8 0 2 9 1 1 9 4 4 2 8 11 6 5 8 12 4 9 3 11 12 12 5 6 10 9 10 12 1 2 2 4 6 7 12 9 8 3 8 8 7 11 4 9 2 3 12 12 2 7 7
2 4 0 2 7 3 9 10 8 12 4 2 7 8 2 3 11 2 4 4 8 11 2 11 2 5 9 10 8 2 3 11 8 1 6 9 5 6 10 6 5 4 10 9 5 11 12 6 1 6 9
8 2 7 0 4 9 7 8 3 10 3 3 5 8 5 7 11 7 8 10 12 6 4 7 5 8 12 8 11 12 9 9 9 4 10 9 5 1 8 7 1 1 3 10 4 11 7 5 4 12 12
3 1 7 8 0 8 4 1 8 8 6 8 9 1 7 7 11 4 7 10 1 8 1 5 8 4 10 7 10 10 9 4 6 5 8 5 4 5 8 2 11 12 8 6 11 5 12 5 9 2 11
8 1 1 11 2 0 5 5 5 6 1 4 8 11 4 3 9 11 7 6 2 3 11 2 4 12 7 6 8 4 4 4 5 12 12 12 6 1 12 3 1 6 10 3 10 10 9 11 4 7 11
8 6 4 8 11 8 0 11 1 3 11 2 5 7 2 12 1 6 11 3 9 5 4 1 2 1 11 3 8 6 7 7 9 2 8 5 8 10 2 6 11 7 2 5 6 4 2 11 11 7 1
11 11 9 7 7 8 11 0 9 11 3 2 5 9 4 3 1 4 9 9 6 6 4 2 10 7 11 9 3 7 4 3 9 1 9 7 5 11 6 1 8 8 8 1 2 8 11 5 10 2 1
5 12 12 4 10 11 1 10 0 9 2 3 9 3 6 8 8 9 5 10 5 6 9 4 6 5 2 7 6 8 3 8 4 5 12 8 7 4 10 1 11 6 11 8 6 1 3 11 4 3 1
5 3 7 11 5 1 7 2 1 0 5 1 1 4 7 5 3 11 4 2 6 3 4 2 7 3 9 9 2 4 5 5 1 8 4 3 4 6 3 8 4 3 1 11 4 4 7 4 7 1 10
5 8 12 8 4 2 6 3 11 11 0 11 4 9 5 8 2 11 9 5 11 7 7 3 5 12 3 5 2 5 1 11 7 1 1 9 6 4 9 2 8 10 7 8 7 2 3 3 11 5 12
5 7 11 9 8 4 8 6 11 7 5 0 1 1 3 7 6 9 9 2 8 8 12 12 4 7 1 3 8 11 9 9 10 9 4 7 6 11 9 3 2 7 9 12 12 7 10 1 9 11 9
11 8 4 10 7 3 10 1 2 1 12 3 0 6 6 5 10 2 9 9 3 1 12 11 12 1 6 7 7 11 2 6 1 10 3 1 7 7 11 6 12 6 6 11 12 11 1 3 5 3 3
12 12 9 11 11 5 3 12 11 6 9 10 6 0 5 12 7 11 1 5 2 5 12 12 2 12 3 4 8 10 3 4 12 9 6 10 1 12 12 3 8 12 6 12 7 12 4 5 9 12 12
9 8 1 3 9 1 8 4 9 10 12 4 6 11 0 6 5 12 2 6 8 6 4 12 7 4 7 6 12 8 6 8 2 5 8 3 1 6 2 5 3 12 3 3 4 9 10 10 12 9 3
8 3 5 1 9 6 9 9 4 12 5 2 7 8 11 0 7 4 9 1 10 10 6 7 11 7 12 6 8 1 11 12 6 5 12 10 7 6 6 12 8 2 6 11 6 3 2 4 12 5 2
5 1 3 11 8 2 12 8 2 11 9 4 8 10 3 6 0 5 7 5 10 3 2 9 6 7 12 9 2 12 12 9 12 3 5 12 8 2 1 6 4 3 5 2 5 9 6 2 5 11 7
8 2 5 10 10 8 7 2 12 12 2 1 12 6 7 1 12 0 1 6 8 10 3 3 2 7 1 5 9 11 8 6 4 9 4 8 7 2 10 10 9 12 3 12 12 2 10 7 2 12 12
11 8 2 12 3 2 1 3 12 1 12 7 10 8 4 3 10 6 0 5 1 7 2 11 2 4 11 12 12 11 11 4 7 9 2 12 6 5 7 6 7 1 4 9 5 5 9 10 10 1 2
12 8 4 7 7 6 1 9 3 2 3 5 1 6 9 12 7 11 1 0 1 10 11 2 4 3 10 10 1 9 2 5 11 9 5 7 8 2 10 9 9 7 11 11 6 2 7 12 3 9 8
3 12 3 3 11 8 6 9 12 2 8 5 4 1 1 6 6 5 10 10 0 2 10 3 10 4 4 6 1 1 5 4 1 12 1 2 4 6 4 4 11 4 7 10 8 3 6 8 10 11 10
11 1 3 7 1 2 1 12 8 1 12 6 8 5 3 6 4 10 6 11 2 0 2 9 6 2 9 6 11 12 2 1 11 5 7 8 11 7 1 1 6 9 7 8 6 2 3 9 5 8 3
10 12 3 5 8 7 2 12 6 2 9 8 12 12 1 12 9 6 5 4 8 2 0 8 9 3 11 8 7 10 11 6 10 7 11 4 4 7 2 3 4 6 12 7 2 12 9 2 1 7 5
1 3 6 4 1 9 11 3 12 10 7 2 2 9 3 10 6 6 4 10 6 4 4 0 9 1 11 10 7 2 10 10 9 1 11 11 9 9 4 11 3 12 1 9 3 7 12 2 12 10 11
2 4 3 6 12 7 9 11 8 3 10 8 9 2 3 9 10 6 4 12 11 1 11 1 0 7 2 8 9 1 7 2 9 3 11 10 10 2 1 9 8 6 12 8 10 10 3 8 10 7 3
4 9 11 2 12 9 5 9 3 10 10 11 8 8 7 4 4 10 10 5 6 10 10 4 3 0 6 7 10 4 1 7 7 3 4 11 5 2 8 1 3 7 5 10 3 10 5 11 12 1 10
2 8 5 2 9 12 9 1 5 3 3 3 5 7 1 10 2 1 10 7 2 7 8 5 2 11 0 5 7 9 8 8 4 1 5 4 12 10 6 11 5 2 6 12 5 10 7 11 6 6 9
11 2 12 3 5 3 8 7 8 1 4 2 11 2 3 6 6 9 2 10 3 2 1 6 9 10 2 0 2 5 9 9 12 6 10 12 9 6 1 6 11 11 4 5 6 6 7 1 12 6 1
10 7 10 10 2 3 4 12 6 12 7 8 5 2 2 8 10 1 6 1 3 6 3 6 7 12 4 11 0 1 12 6 5 5 6 9 10 5 3 6 2 7 5 5 9 11 2 6 12 6 9
11 1 3 11 4 7 12 11 2 1 1 12 7 5 5 7 5 11 8 2 1 2 9 9 3 12 2 4 8 0 11 7 12 2 12 9 3 10 4 4 11 7 1 5 6 3 2 9 4 9 11
4 2 6 11 12 9 3 12 10 9 8 5 11 12 12 3 4 8 3 10 2 4 5 3 4 12 7 5 8 4 0 2 2 8 2 1 5 8 3 7 10 2 12 11 7 6 4 11 8 2 8
1 2 6 10 11 3 12 7 11 8 4 1 10 5 8 5 11 3 12 6 12 2 12 11 3 1 8 3 5 7 10 0 9 11 9 7 2 1 8 1 6 9 8 4 1 5 6 7 4 5 5
2 3 3 4 4 4 7 7 11 9 1 7 9 3 8 10 4 7 7 7 8 5 3 8 1 7 4 3 6 7 11 9 0 7 6 12 1 7 11 6 7 6 12 5 11 12 4 6 4 4 11
8 12 5 12 1 5 2 11 10 11 5 9 6 12 11 8 8 5 6 8 2 10 2 11 10 10 5 7 6 5 7 2 12 0 5 5 1 5 9 1 4 10 11 12 8 11 11 1 10 6 9
1 12 3 10 9 7 3 9 12 8 10 4 1 12 9 10 2 2 2 8 10 9 5 6 10 7 11 1 2 7 11 9 2 5 0 1 8 5 3 6 12 2 8 4 5 7 5 5 10 4 11
6 4 9 11 6 9 2 1 1 12 5 8 11 3 10 12 7 5 8 1 9 12 6 5 10 7 3 5 5 6 12 10 7 12 3 0 9 5 2 5 11 5 2 1 11 1 1 8 12 6 8
6 7 3 8 12 11 7 7 7 10 1 5 8 2 12 10 6 10 1 8 12 2 2 11 12 3 7 2 8 10 8 6 4 12 10 9 0 2 11 4 11 10 11 5 8 8 12 11 1 9 8
11 7 8 10 1 4 9 12 8 1 2 6 9 10 4 3 4 12 4 12 11 12 11 1 9 7 1 5 11 12 11 6 12 10 6 2 10 0 5 9 2 3 5 3 4 8 1 5 12 6 3
6 9 7 3 4 3 6 7 12 7 2 12 9 3 11 7 3 8 9 10 1 5 4 7 9 4 2 12 11 4 10 10 1 11 1 11 11 10 0 7 8 1 9 1 9 2 11 6 4 10 8
12 5 4 5 3 12 11 4 2 10 10 10 11 7 9 4 10 3 2 7 5 6 3 1 5 1 4 10 10 11 1 11 11 5 2 8 7 12 8 0 3 12 12 10 4 2 7 11 5 1 3
9 10 10 4 7 8 5 2 5 12 8 5 4 12 2 3 11 9 3 3 9 8 7 5 1 11 6 5 4 5 9 10 9 4 7 9 11 10 9 11 0 8 5 2 9 4 10 1 9 3 11
4 5 3 7 8 5 1 3 8 5 9 6 2 12 9 12 8 7 7 8 6 9 9 1 1 11 3 3 12 2 11 11 11 6 11 11 5 10 5 4 2 0 10 7 9 8 4 10 6 12 4
10 8 3 4 6 7 8 8 1 8 1 2 6 1 4 6 3 3 12 7 11 9 1 2 6 7 8 7 11 2 7 7 9 8 11 6 1 5 2 3 12 7 0 6 10 7 4 10 11 1 5
7 4 8 4 11 12 4 6 8 11 12 2 5 8 12 5 7 4 10 1 5 12 7 4 11 7 4 3 5 7 9 1 10 3 7 12 11 3 7 3 8 3 4 0 11 4 7 6 10 2 5
8 6 2 7 3 11 12 6 7 5 2 9 6 6 9 5 5 2 8 1 12 6 12 12 3 4 10 12 9 7 10 9 11 3 8 12 12 8 12 1 9 9 7 9 0 11 8 6 6 11 2
3 5 3 11 10 7 1 9 9 3 6 11 9 5 5 2 10 10 8 7 4 9 9 8 4 4 3 3 3 9 11 11 3 12 5 4 8 5 11 7 5 12 10 11 9 0 2 2 12 11 7
9 10 7 3 8 9 11 6 7 5 2 8 7 2 5 7 3 3 1 3 5 2 9 10 4 3 6 2 4 4 8 5 8 4 6 3 7 5 8 6 2 1 10 7 10 12 0 5 11 2 10
10 12 9 3 8 1 6 11 5 2 9 7 5 5 11 3 3 10 8 7 5 7 11 3 4 2 6 4 4 9 11 10 9 6 5 9 10 12 4 4 9 8 5 10 1 10 5 0 6 10 4
12 2 2 4 11 3 4 8 1 8 9 12 8 7 10 10 11 3 12 9 6 12 4 4 2 9 12 12 4 3 12 8 1 5 10 3 9 10 1 4 4 9 9 5 8 11 12 4 0 12 11
6 6 12 1 7 8 2 1 5 11 9 1 6 3 3 2 5 2 5 7 7 1 10 7 9 11 8 4 3 6 7 12 7 11 6 3 1 7 12 9 7 1 11 1 8 9 2 12 10 0 1
2 6 3 8 8 4 1 7 12 7 4 12 10 5 5 12 7 9 12 12 7 3 2 12 11 10 9 11 9 11 12 10 5 1 1 1 7 1 5 4 2 10 12 10 2 12 9 3 11 3 0


early[i] thuoc [1, 288]
Do chenh giua early[i] va late[i] thuoc [8, 100]
delay[i] thuoc [1, 8]
cost[i][j] thuoc [1, 100]
time[i][j] thuoc [1, 12]
